## COMMANDS

- pasar el checker
ARG=$(seq 1 500 | sort -R | tr '\n' ' '); ./push_swap $ARG | ./checker_linux $ARG

- probar arrays de tamaño n
ARG=$(seq 1 15 | sort -R | tr '\n' ' '); ./push_swap $ARG


## ARRAYS

>> 100
-69948 -6900 -74144 -36923 1381 58212 -39200 -46173 -53306 -65776 -77590 38583 13943 70701 7961 23822 38367 -73381 19080 -10666 30868 -37048 -62543 -18981 -34967 59282 -16967 41979 -35454 54917 -28449 -1857 -15402 -61962 -45728 17633 -63980 -215 41258 42012 51833 12152 16006 -8779 24349 72219 41575 66635 -60431 29742 33149 58222 -69090 49663 5528 2780 28896 67787 12653 -64162 60243 -31279 -68526 14323 48775 62555 -64225 -7287 -19885 -37014 -22038 -42537 16803 -67652 -44684 16070 -67252 -43387 -40252 -19300 65887 -62939 29861 -31971 -20112 -23894 55353 51756 1905 -54047 7673 36573 -63413 41634 -2158 77024 13365 51710 -45662 -69687
4 48 2 31 52 90 28 21 20 10 1 77 61 98 57 68 76 3 67 45 73 29 16 42 33 92 43 81 32 88 36 50 44 17 22 66 13 51 78 82 87 58 63 46 69 99 79 96 18 71 74 91 6 84 55 54 70 97 59 12 93 35 7 62 83 94 11 47 40 30 38 26 65 8 24 64 9 25 27 41 95 15 72 34 39 37 89 86 53 19 56 75 14 80 49 100 60 85 23 5

>> 15
-4979 -24940 59882 62478 -38316 -9988 75436 53313 -501 -11368 -62317 -72064 -70049 44496 53634
8 5 13 14 4 7 15 11 9 6 3 1 2 10 12


## TESTS

